509
646
589
391
452
677
450
18
894
0
721
119
664
164
542
254
193
73
789
763
56
71
114
639
162
778
98
0
248
933
221
162
239
172
272
244
401
279
117
530
419
718
466
726
83
104
153
571
540
13
281
50
389
638
42
24
459
60
867
301
188
122
601
752
838
0
610
472
0
411
404
415
556
351
301
87
303
376
771
627
870
604
234
87
94
293
356
48
76
331
729
334
0
0
51
163
322
296
235
0
841
584
731
294
564
169
19
432
565
731
251
640
500
279
215
822
225
92
556
138
753
802
463
233
26
775
993
123
835
562
677
179
676
461
577
8
562
68
885
10
55
8
220
652
372
239
252
815
167
357
35
185
461
371
850
500
539
195
134
11
738
524
138
476
297
71
522
659
311
138
584
319
15
386
161
19
111
31
633
446
51
562
421
0
744
20
359
681
409
327
0
814
503
395
194
187
809
252
842
116
551
721
712
0
752
387
89
500
422
122
375
553
604
738
550
176
439
375
655
574
929
44
862
103
399
194
129
515
78
541
518
173
44
193
437
244
132
313
525
416
334
96
0
251
801
380
35
62
676
758
703
424
276
631
456
728
454
277
143
580
11
149
551
655
295
754
30
206
824
533
276
152
471
273
923
699
336
951
186
199
116
209
572
536
721
182
284
0
31
337
196
232
352
910
154
461
660
851
219
291
553
125
276
427
0
165
424
474
141
817
654
114
184
708
0
730
776
695
504
207
673
501
337
858
671
469
669
634
713
99
382
10
241
82
652
887
855
73
688
436
544
731
316
782
412
7
25
332
853
827
279
212
526
571
233
439
197
485
753
238
307
703
162
663
714
415
102
122
417
703
90
319
66
455
350
263
442
661
536
426
280
34
368
574
451
853
15
529
803
209
271
624
627
775
768
146
737
30
202
652
833
264
374
477
334
505
84
451
186
43
334
0
0
487
707
226
123
17
50
232
580
702
784
347
234
723
549
0
253
455
532
975
341
767
382
841
114
417
310
419
249
29
125
777
221
617
719
607
724
13
780
666
591
170
295
72
171
333
499
787
204
12
48
113
705
65
535
770
646
626
484
239
607
362
122
190
476
437
678
388
443
299
182
0
670
923
866
321
14
941
182
778
579
402
270
147
495
101
101
694
290
95
453
540
630
263
197
140
94
620
653
519
0
90
577
90
4
497
164
743
231
50
46
10
507
494
393
202
626
680
0
282
875
121
679
144
689
519
306
81
747
437
838
917
835
77
208
502
298
925
686
212
391
165
786
486
730
22
571
422
977
593
49
198
637
280
148
426
483
254
886
150
391
516
751
76
757
488
460
67
483
77
354
385
248
204
49
512
431
703
360
280
171
523
352
223
670
390
494
353
124
775
790
228
161
88
513
426
883
773
77
129
717
127
133
705
233
56
658
467
266
739
876
141
746
380
413
612
296
642
844
455
258
638
805
7
64
849
348
592
45
0
349
547
899
628
424
263
207
295
579
5
0
214
252
629
543
112
285
370
317
765
728
53
102
144
