379643305
1
190095523
382237352
804048890
857351087
116881060
83883003
793706454
906560843
54668693
414790148
85886
11076903
63
4207
271679
959105085
240689507
400018193
302481319
375520453
601078214
760470879
696623694
94675458
346584647
611906947
639053447
39286499
32680537
491530829
727654945
988266713
438486294
202851116
317934887
880328267
879279649
929811421
559679326
302135313
434678869
653969049
163232486
615117073
275322389
501505063
351982498
164450699
548609390
48809991
470114382
554222846
56463978
408997789
397318346
556932770
429161990
959822941
223742777
318136096
255543440
841190889
158489253
731655601
433491771
271670869
717204678
890486550
194170200
4661297
925181873
876965298
774028266
762103239
282307699
581002176
850729508
760
817540114
781970859
986683824
744545023
218600485
804526530
779046571
226276940
940307507
554665162342324846
884154619
546565522
376245190
66226773623423422
93547610
983266621
9223372036854775800
238884119
381019019
271676793
