379643304
0
190095522
382237351
804048889
857351086
116881059
83883002
793706453
906560842
54668692
414790147
85885
11076902
62
4206
271678
959105084
240689506
400018192
302481318
375520452
601078213
760470878
696623693
94675457
346584646
611906946
639053446
39286498
32680536
491530828
727654944
988266712
438486293
202851115
317934886
880328266
879279648
929811420
559679325
302135312
434678868
653969048
163232485
615117072
275322388
501505062
351982497
164450698
548609389
48809990
470114381
554222845
56463977
408997788
397318345
556932769
429161989
959822940
223742776
318136095
255543439
841190888
158489252
731655600
433491770
271670868
717204677
890486549
194170199
4661296
925181872
876965297
774028265
762103238
282307698
581002175
850729507
759
817540113
781970858
986683823
744545022
218600484
804526529
779046570
226276939
940307506
